00
01
aa
55
4e
03
c2
84
00
05
c0
41
00
5a
c0
45
80
36
c0
56
80
14
20
20
00
7f
c1
7f
80
00
c0
49
00
4c
c0
49
80
4f
c0
4e
00
6b
c0
4f
00
75
c0
51
80
3a
c0
56
00
78
20
20
00
80
20
20
00
83
20
20
00
86
d8
a0
0c
bd
d8
40
0c
bd
df
e0
0c
bd
98
46
72
00
20
20
7c
68
20
40
00
53
20
40
6d
29
20
40
00
0f
20
40
00
1b
70
48
fd
ff
20
40
00
2c
20
20
00
c1
20
40
00
22
d8
4e
10
00
20
40
5d
f0
20
40
29
e8
70
80
74
0c
70
80
76
4d
20
60
00
00
58
00
1c
00
67
e1
09
5c
58
00
1d
ff
e7
e1
00
05
58
00
1e
00
e7
e1
00
05
58
00
1f
ff
e7
e1
00
05
6f
e4
09
5c
20
20
5d
d8
da
20
48
fd
df
20
00
01
d8
40
00
01
20
20
29
c6
79
40
04
07
20
20
5f
8d
6f
f0
80
84
f9
3f
fe
00
67
f0
80
84
20
60
00
00
70
89
6f
10
70
8a
85
00
70
8a
75
03
20
20
12
52
18
42
7e
00
c2
80
16
32
c2
80
96
21
c3
01
16
32
c2
83
80
41
c2
81
16
27
20
20
16
32
20
40
00
44
79
20
00
2e
20
60
00
00
20
40
16
32
79
20
00
2f
79
3f
80
2e
70
89
01
05
70
89
20
80
70
89
30
24
70
89
34
0a
20
60
00
00
6f
e2
48
f9
67
e2
40
9c
20
60
00
00
68
4a
40
9c
1c
43
7e
00
67
e2
48
f9
20
20
7c
b9
6f
f0
8a
0a
79
20
7e
03
67
f0
8a
0a
20
00
04
b0
79
3f
fe
03
67
f0
8a
0a
20
60
00
00
20
40
4b
d4
18
00
2a
08
18
00
2a
00
78
50
fc
00
78
50
7c
00
78
2f
7c
00
70
89
00
05
20
00
00
02
70
89
00
00
20
40
11
5d
70
8a
16
00
70
8a
0a
80
6f
f0
8a
09
79
3f
fe
07
67
f0
8a
09
70
8a
0b
00
20
20
12
9c
6f
e0
c3
e0
1f
e0
fe
01
67
e0
c3
e0
c0
06
15
e7
20
40
18
a8
20
40
18
f7
6f
e0
82
bd
20
40
16
18
20
40
17
c5
20
20
15
e2
20
40
0e
7c
20
40
1a
87
20
20
10
5d
78
28
7c
00
d8
40
4e
a9
6f
e0
c1
f3
98
4f
84
00
1f
e3
7e
00
98
40
b6
00
20
20
16
f8
20
20
13
7c
c0
62
80
87
c0
63
00
9d
20
20
13
7c
20
40
00
ac
20
40
00
b4
20
60
00
00
20
60
00
00
20
40
00
8c
20
74
00
00
20
40
00
94
20
74
00
00
20
20
1b
27
20
40
7d
94
6f
e0
82
87
1f
e1
7e
03
1f
e6
7c
03
24
62
80
00
6f
e0
82
87
c3
81
80
00
20
20
7d
92
68
49
43
e8
d8
e0
00
04
20
20
0f
40
70
41
f8
42
70
43
ea
03
70
43
eb
02
70
43
ec
01
70
43
ed
02
20
20
1b
d6
20
60
00
00
1a
62
7e
00
c0
0a
00
a4
c0
0a
80
a2
20
60
00
00
20
40
78
70
20
20
32
4c
20
20
32
68
6f
e1
44
3a
c0
07
00
a8
20
60
00
00
1a
42
72
00
1a
22
0c
00
d8
a0
49
e9
20
20
7c
a1
6f
e0
c9
ef
20
7a
00
00
70
49
ef
00
6f
e0
c9
e3
1f
e0
fe
01
67
e0
c9
e3
da
20
49
e3
20
20
78
75
6f
e1
47
93
c4
04
80
00
20
40
1b
05
24
7a
00
00
da
20
49
e3
20
40
78
8c
24
74
00
00
da
20
00
06
d8
40
00
10
20
40
1e
40
df
20
00
06
d8
c0
49
e3
20
20
7c
a1
58
00
00
0d
67
e1
44
68
58
00
00
0e
67
e1
44
72
58
00
00
a5
67
e1
44
6e
58
00
00
9e
67
e1
44
6a
20
40
1a
36
20
40
00
cc
20
20
78
70
70
43
83
17
58
00
00
1b
67
e1
43
d4
20
40
1a
a3
20
40
1a
bf
20
40
1a
cc
20
20
1a
ab
c2
49
aa
55
40
00
00
40
00
00
00
00
00
00
00
00
00
00
00
00
00
00
00
00
04
08
00
00
00
20
00
00
00
00
00
00
00
00
00
00
00
00
00
00
00
00
00
00
00
00
00
00
00
00
00
00
00
00
0c
50
08
10
00
00
60
00
00
00
00
00
00
00
aa
55
08
00
9e
00
00
00
08
00
00
00
00
00
aa
55
08
00
7a
41
88
1f
ca
70
3f
0c
33
03
aa
55
03
00
83
41
9d
10
24
aa
55
01
00
5c
41
00
aa
55
01
00
c5
40
18
aa
55
01
00
d8
44
d3
aa
55
01
00
d7
44
00
aa
55
01
00
d6
44
29
aa
55
01
00
d5
44
00
aa
55
05
00
ed
41
ff
88
66
44
00
aa
55
01
00
94
44
0c
aa
55
08
00
b5
40
24
00
00
02
24
00
00
02
aa
55
02
00
c3
40
20
00
aa
55
04
00
bf
40
20
00
00
20
aa
55
04
00
c6
40
80
04
00
0c
aa
55
05
00
fe
45
09
0e
05
04
00
aa
55
01
00
d4
44
7f
aa
55
01
00
f2
41
ff
aa
55
02
00
ca
40
f2
41
aa
55
02
00
db
44
06
07
aa
55
03
00
2a
44
01
f0
00
aa
55
05
00
e5
43
01
0a
00
08
00
aa
55
01
00
35
44
07
aa
55
01
00
9a
40
0b
aa
55
02
00
7e
44
00
1f
aa
55
01
00
eb
41
00
aa
55
01
00
99
40
00
aa
55
01
00
5b
41
08
aa
55
02
00
77
41
05
02
aa
55
06
00
7d
43
81
31
20
98
07
2a
aa
55
07
00
fa
42
06
59
43
31
33
30
37
aa
55
04
00
ea
43
1f
02
01
05
aa
55
02
00
8f
44
c6
49
aa
55
05
00
c6
49
06
04
00
00
00
aa
55
02
00
99
43
fe
48
aa
55
a6
00
fe
48
01
00
02
00
28
02
01
18
02
00
02
03
28
01
20
03
00
02
05
2a
01
00
04
00
02
02
29
02
01
00
05
00
02
00
28
02
00
18
06
00
02
03
28
01
4e
07
00
02
00
2a
13
41
73
74
20
4c
45
20
4d
6f
75
73
65
20
20
20
20
20
20
20
08
00
02
03
28
01
4e
09
00
02
01
2a
02
00
00
0a
00
02
03
28
01
02
0b
00
02
04
2a
08
10
00
20
00
05
00
2c
01
0c
00
02
00
28
10
55
e4
05
d2
af
9f
a9
8f
e5
4a
7d
fe
43
53
53
49
0d
00
02
03
28
01
08
0e
00
02
f3
ff
01
00
0f
00
02
03
28
01
10
10
00
02
f4
ff
01
00
11
00
02
02
29
02
00
00
00
00
55
aa
aa
55
12
71
00
cc
4a
53
