00
02
aa
55
d2
03
c2
84
00
05
c0
41
00
60
c0
45
80
3c
c0
56
80
18
20
20
00
9e
c1
7f
80
00
c0
18
00
88
c0
49
00
52
c0
49
80
55
c0
4e
00
71
c0
4f
00
7b
c0
51
80
40
c0
56
00
7e
20
20
00
9f
20
40
5f
f1
20
40
60
18
67
e1
48
fd
20
20
00
a0
20
20
00
a5
d8
a0
0c
bd
d8
40
0c
bd
df
e0
0c
bd
98
46
72
00
20
20
7c
68
20
40
00
59
20
40
6d
29
20
40
00
13
20
40
00
20
70
44
a5
02
70
44
a6
00
20
40
00
85
20
20
00
ea
20
40
00
27
d8
4e
10
00
20
40
5d
f0
20
40
29
e8
70
80
74
0c
70
80
76
4d
20
60
00
00
58
00
1c
00
67
e1
09
5c
58
00
1d
ff
e7
e1
00
05
58
00
1e
00
e7
e1
00
05
58
00
1f
ff
e7
e1
00
05
6f
e4
09
5c
20
20
5d
d8
da
20
47
ad
6f
e0
c7
ac
1f
e9
72
00
da
40
00
01
20
20
29
c6
79
40
04
07
20
20
5f
8d
6f
f0
80
84
f9
3f
fe
00
67
f0
80
84
20
60
00
00
70
89
6f
10
70
8a
85
00
70
8a
75
03
20
20
12
52
18
42
7e
00
c2
80
16
32
c2
80
96
21
c3
01
16
32
c2
83
80
47
c2
81
16
27
20
20
16
32
20
40
00
4a
79
20
00
2e
20
60
00
00
20
40
16
32
79
20
00
2f
79
3f
80
2e
70
89
01
05
70
89
20
80
70
89
30
24
70
89
34
0a
20
60
00
00
6f
e2
48
f9
67
e2
40
9c
20
60
00
00
68
4a
40
9c
1c
43
7e
00
67
e2
48
f9
20
20
7c
b9
6f
f0
8a
0a
79
20
7e
03
67
f0
8a
0a
20
00
04
b0
79
3f
fe
03
67
f0
8a
0a
20
60
00
00
20
40
4b
d4
18
00
2a
08
18
00
2a
00
78
50
fc
00
78
50
7c
00
78
2f
7c
00
70
89
00
05
20
00
00
02
70
89
00
00
20
40
11
5d
70
8a
16
00
70
8a
0a
80
6f
f0
8a
09
79
3f
fe
07
67
f0
8a
09
70
8a
0b
00
20
20
12
9c
6f
e0
c3
e0
1f
e0
fe
01
67
e0
c3
e0
c0
06
15
e7
20
40
18
a8
20
40
18
f7
6f
e0
82
bd
20
40
16
18
20
40
17
c5
20
20
15
e2
20
40
0e
7c
20
40
1a
87
20
20
10
5d
78
28
7c
00
d8
40
4e
a9
6f
e0
c1
f3
98
4f
84
00
1f
e3
7e
00
98
40
b6
00
20
20
16
f8
20
75
80
00
58
00
1f
e2
20
20
5f
e3
6f
e0
c4
a5
c0
00
60
1e
c0
00
e0
24
c0
01
00
8d
20
60
00
00
58
00
07
d0
67
e1
44
a3
68
49
44
95
6f
e1
44
9b
da
60
0b
b8
20
20
00
93
98
46
22
00
6f
e1
44
a7
98
46
7e
00
24
21
60
3c
68
49
44
a3
98
4f
a4
00
1a
62
7e
00
9a
2f
fe
00
9a
46
7e
00
24
21
7d
9e
20
20
60
38
20
20
13
7c
20
20
13
7c
20
40
00
be
20
40
00
d6
20
40
00
a7
20
40
00
ba
20
60
00
00
20
40
00
dd
20
60
00
00
6f
e0
c9
02
20
7a
00
00
79
20
00
27
58
00
75
30
67
e1
48
3f
70
48
c2
01
6f
e0
c8
6b
20
40
16
18
20
40
22
74
20
40
24
0d
20
40
22
55
20
40
21
d2
24
77
80
00
70
49
01
01
20
60
00
00
70
48
3c
03
58
11
11
11
67
e1
c7
cd
20
60
00
00
6f
e0
c9
01
20
7a
00
00
70
49
01
00
20
60
00
00
6f
e0
c9
04
20
7a
00
00
79
3f
80
27
70
48
3c
02
20
20
00
c3
6f
e0
c8
6c
20
40
16
18
20
40
22
74
70
01
54
88
20
40
22
28
20
40
26
45
20
40
21
d2
6f
e0
c8
33
c0
00
80
cf
24
37
80
cf
24
2c
00
cf
20
40
00
d4
18
0a
7e
00
d8
40
01
ff
98
41
7e
00
1f
e0
fe
fa
20
20
7c
4e
70
49
03
01
20
60
00
00
6f
e0
c9
03
20
7a
00
00
70
49
03
00
20
60
00
00
58
00
00
0a
67
e1
49
05
20
60
00
00
da
60
49
05
da
40
00
e0
20
20
31
d6
20
40
00
da
6f
e0
c9
04
c0
00
80
e8
70
49
04
01
6f
e1
47
cd
1f
e0
fe
01
67
e1
47
cd
20
60
00
00
70
49
04
00
20
60
00
00
58
00
00
0e
67
e1
44
68
58
00
00
12
67
e1
44
72
58
00
00
b6
67
e1
48
93
70
48
33
01
70
49
02
01
20
40
00
da
20
60
00
00
46
47
aa
55
40
00
00
40
00
00
00
00
00
00
00
00
00
00
00
00
00
00
00
00
04
08
00
00
00
20
00
00
00
00
00
00
00
00
00
00
00
00
00
00
00
00
01
00
00
00
00
00
00
00
00
00
00
00
0c
50
08
10
00
00
00
00
00
00
00
00
00
00
aa
55
08
00
9e
00
00
00
08
00
00
00
00
00
aa
55
08
00
7a
41
88
1f
ca
70
3f
0c
33
03
aa
55
03
00
83
41
9d
10
24
aa
55
01
00
5c
41
00
aa
55
01
00
c5
40
18
aa
55
01
00
d8
44
d3
aa
55
01
00
d7
44
00
aa
55
01
00
d6
44
29
aa
55
01
00
d5
44
00
aa
55
05
00
ed
41
ff
88
66
44
00
aa
55
01
00
94
44
0c
aa
55
08
00
b5
40
24
00
00
02
24
00
00
02
aa
55
02
00
c3
40
20
00
aa
55
04
00
bf
40
20
00
00
20
aa
55
04
00
c6
40
80
04
00
0c
aa
55
05
00
fe
45
09
0e
05
04
00
aa
55
01
00
d4
44
7f
aa
55
01
00
f2
41
ff
aa
55
02
00
ca
40
f2
41
aa
55
02
00
db
44
06
07
aa
55
03
00
2a
44
00
f0
00
aa
55
05
00
e5
43
00
0a
00
08
00
aa
55
01
00
35
44
07
aa
55
01
00
9a
40
0b
aa
55
02
00
7e
44
00
1f
aa
55
01
00
eb
41
0a
aa
55
01
00
6c
48
01
aa
55
01
00
6b
48
01
aa
55
01
00
41
48
00
aa
55
04
00
43
48
12
34
56
78
55
aa
aa
55
80
48
20
05
