00
02
aa
55
0a
02
c2
84
00
05
c0
0b
80
23
c0
0c
00
1b
c0
38
00
12
20
20
00
4d
c1
7f
80
00
20
20
00
4e
20
20
00
4f
20
20
00
50
d8
a0
05
5e
d8
40
05
5e
df
e0
05
5e
98
46
72
00
20
20
73
ec
70
80
72
3f
70
80
71
6c
70
80
70
6d
20
20
6a
3c
20
40
6d
31
20
40
00
09
20
20
00
6f
79
40
04
07
20
20
6b
96
6f
f0
80
9a
f9
3f
fe
00
67
f0
80
9a
20
60
00
00
70
89
6f
10
20
40
3a
1e
70
8a
85
00
70
8a
75
03
70
8a
0d
20
70
8a
9a
28
70
8a
9b
3f
20
60
00
00
6f
e0
c1
16
c0
01
80
31
c0
03
00
36
c0
04
80
3b
c0
42
80
40
c0
4a
00
47
c0
4f
00
4a
70
8a
39
8a
70
8a
3a
0f
70
8a
3b
2c
70
8a
3c
17
70
8a
14
aa
70
8a
15
0a
20
60
00
00
70
8a
39
8a
70
8a
3a
0f
70
8a
3b
48
70
8a
3c
17
20
20
00
2e
70
8a
39
c9
70
8a
3a
0f
70
8a
3b
70
70
8a
3c
1f
20
20
00
2e
70
8a
39
cd
70
8a
3a
0f
70
8a
3b
70
70
8a
3c
1f
20
20
00
2e
70
8a
39
8a
70
8a
3a
0f
70
8a
3b
18
70
8a
3c
0f
70
8a
14
a3
70
8a
15
0a
20
60
00
00
70
8a
39
85
70
8a
3a
04
20
20
00
42
70
8a
39
83
70
8a
3a
02
20
20
00
42
20
20
3a
8a
20
20
3a
8a
20
60
00
00
20
60
00
00
20
40
00
56
20
74
00
00
20
40
00
5e
20
74
00
00
20
20
41
f0
20
40
74
ca
6f
e0
81
63
1f
e1
7e
03
1f
e6
7c
03
24
62
80
00
6f
e0
81
63
c3
81
80
00
20
20
74
c8
68
49
43
1d
d8
e0
00
04
20
20
38
d8
70
41
2b
42
70
43
1f
03
70
43
20
02
70
43
21
01
70
43
22
02
20
20
42
a7
20
60
00
00
1a
62
7e
00
c0
0a
00
6e
c0
0a
80
6c
20
60
00
00
20
40
6f
f8
20
20
4e
03
20
20
4e
17
58
00
00
07
67
e1
43
94
58
00
00
08
67
e1
43
9c
58
00
00
68
67
e1
43
96
58
00
3c
18
67
e1
43
a2
20
40
40
f6
20
40
00
7a
20
20
6f
f8
70
42
b6
17
58
00
00
1b
67
e1
43
07
20
40
41
67
20
40
41
83
20
40
41
90
20
20
41
6f
20
60
00
00
0f
05
aa
55
40
00
00
40
00
00
80
01
00
00
00
00
00
00
00
00
00
00
01
00
00
00
00
00
00
00
00
00
00
00
00
00
00
00
00
00
00
00
00
00
00
00
00
00
00
00
00
00
00
00
00
00
00
00
00
00
00
00
00
00
00
00
00
00
00
00
00
00
aa
55
08
00
c4
40
88
1f
ca
70
3f
0c
33
03
aa
55
03
00
cd
40
9d
10
22
aa
55
01
00
a8
40
00
aa
55
01
00
1f
41
18
aa
55
01
00
9a
40
18
aa
55
01
00
ed
43
d3
aa
55
01
00
ec
43
02
aa
55
01
00
eb
43
29
aa
55
01
00
ea
43
01
aa
55
05
00
18
41
ff
88
66
44
00
aa
55
02
00
9b
40
00
0c
aa
55
02
00
c4
43
a0
0f
aa
55
05
00
20
41
09
0e
05
05
00
aa
55
01
00
e7
43
7f
aa
55
01
00
1e
41
ff
aa
55
02
00
9d
40
1e
41
aa
55
01
00
de
01
5a
aa
55
01
00
95
40
0b
aa
55
01
00
6a
43
07
aa
55
05
00
1a
43
00
0a
00
08
00
aa
55
03
00
5f
43
01
10
00
aa
55
01
00
94
40
00
aa
55
01
00
a7
40
08
aa
55
02
00
c1
40
05
02
aa
55
06
00
c2
4a
81
31
20
98
07
aa
aa
55
06
00
b0
42
11
22
c3
d4
c5
d6
aa
55
0f
00
2d
42
0e
59
69
63
68
69
70
20
31
33
30
36
20
6c
65
aa
55
04
00
1f
43
03
02
01
0e
aa
55
08
00
a8
42
08
00
10
00
00
00
2c
01
aa
55
02
00
b4
43
1e
45
aa
55
05
00
1e
45
14
04
00
00
00
aa
55
02
00
cc
42
32
49
aa
55
9b
00
32
49
01
00
02
00
28
02
01
18
02
00
02
03
28
01
20
03
00
02
05
2a
01
00
04
00
02
02
29
02
01
00
05
00
02
00
28
02
00
18
06
00
02
03
28
01
4e
07
00
02
00
2a
13
41
73
74
20
4c
45
20
4d
6f
75
73
65
20
20
20
20
20
20
20
08
00
02
03
28
01
4e
09
00
02
01
2a
02
00
00
0a
00
02
03
28
01
02
0b
00
02
04
2a
08
10
00
20
00
05
00
2c
01
0c
00
02
00
28
02
f0
ff
0d
00
02
03
28
01
12
0e
00
02
f1
ff
04
00
00
00
00
0f
00
02
02
29
02
00
00
10
00
02
03
28
01
08
11
00
02
f2
ff
01
00
00
00
55
aa
aa
55
19
63
17
de
