00
02
aa
55
6e
10
c5
12
80
04
c0
00
80
09
c0
49
00
5a
20
20
00
08
c0
2e
80
64
c0
32
80
4a
c0
37
80
51
c0
6b
00
5d
20
20
00
08
20
40
00
2a
20
40
55
d3
20
40
00
20
20
40
7c
db
20
40
00
14
20
40
32
fe
24
22
80
0a
20
40
32
a3
20
40
53
7e
20
40
32
bd
20
20
00
0a
d8
e0
00
0f
20
40
7e
53
24
7a
00
00
c5
94
00
1e
79
3f
80
28
68
10
80
77
79
40
7e
01
60
10
80
77
58
00
00
64
20
20
7e
4c
70
80
77
02
20
60
00
00
c6
93
80
00
d8
e0
00
0f
20
40
7e
53
20
3a
00
26
68
00
80
05
20
7a
00
00
79
3f
80
27
79
20
00
26
60
00
8c
81
20
60
00
00
70
0d
02
00
58
00
00
00
60
03
0d
b4
60
03
44
e7
20
40
3e
0b
70
80
70
70
70
80
71
01
70
80
73
02
70
80
77
02
70
80
78
80
70
80
62
00
58
00
00
c8
60
11
00
52
70
80
43
01
70
80
81
04
70
80
51
00
58
00
0b
80
60
11
00
5a
60
11
00
5e
60
11
00
60
58
00
0c
00
60
11
00
54
60
11
00
58
1f
e0
ff
ff
60
11
00
5c
1f
e0
fe
80
60
11
00
56
70
80
62
c1
d9
40
0b
80
d8
60
0c
00
20
40
7d
b2
20
20
53
d2
68
00
c4
44
c0
a9
56
67
58
00
fe
ff
60
01
44
45
68
08
8d
b3
18
40
84
07
20
20
58
92
e8
c1
80
00
60
01
83
f9
c0
8d
d9
07
68
00
83
41
1f
e0
f3
f9
79
20
00
26
d8
c0
03
49
d8
a0
0c
81
20
20
7e
45
60
08
80
17
18
40
a2
04
20
20
3a
b6
68
00
88
af
2f
ef
fe
01
20
40
80
93
c5
93
7c
e8
79
3f
80
26
20
40
03
f9
20
20
7c
e8
68
00
80
02
1f
e0
fe
01
60
00
80
02
68
0b
03
42
60
0b
03
d0
68
00
80
16
c0
92
80
6e
68
03
44
e7
98
46
7c
00
20
22
d6
01
68
00
8d
02
c1
04
00
00
98
00
72
00
d8
c0
0d
03
20
3a
00
77
e8
c3
00
00
98
46
7c
00
20
62
80
00
c2
00
00
73
e0
cb
00
00
68
00
8d
02
98
00
22
00
1f
e0
fe
01
60
00
8d
02
1a
32
7e
00
d8
a0
0d
33
98
a0
8a
00
68
00
83
41
1f
e1
72
3f
1f
20
f3
fa
d8
c0
03
48
e8
c8
80
00
e8
c0
80
00
c0
84
80
8c
18
40
f3
ff
20
40
7e
45
58
00
00
00
e0
a0
80
00
18
a2
7e
00
20
60
00
00
1f
20
ff
ff
98
46
72
00
20
22
80
88
24
21
00
88
18
40
ff
ff
98
c0
8c
00
20
20
00
83
70
8c
26
02
68
10
8c
21
20
7a
00
00
60
00
88
b1
1f
e2
72
00
d8
a0
0c
80
68
10
8c
19
e0
a0
80
00
c2
00
00
99
79
20
00
28
68
00
8c
81
c0
00
83
eb
c0
01
03
ed
c0
01
83
ef
c0
02
03
f1
c0
02
83
fd
c0
03
04
05
c0
08
83
5b
c0
09
83
59
c0
09
03
7a
c0
08
03
7f
c0
0a
03
83
c0
0a
83
5d
c0
0e
83
60
c0
12
03
63
c0
13
03
67
c0
0b
03
a1
c0
0b
83
74
c0
0f
03
77
c0
12
83
6e
c0
0c
03
42
c0
0c
83
2e
c0
0d
02
b3
c0
0d
82
55
c0
0e
00
c4
c0
0f
84
11
c0
10
04
17
c0
10
82
cc
c0
11
02
ce
c0
11
84
18
c0
13
82
d3
c0
14
02
e0
c0
14
80
fc
c0
15
01
24
c0
15
81
e2
c0
16
02
07
c0
16
80
db
c2
83
84
09
20
60
00
00
20
40
03
49
df
20
03
e8
20
00
03
e8
20
40
03
dd
58
00
00
02
20
40
03
55
c0
81
00
d6
58
00
00
02
20
40
03
55
c0
81
00
d6
58
00
00
02
20
40
03
55
c0
81
00
d6
58
00
82
03
da
20
00
01
20
40
03
18
20
40
03
29
20
20
00
d8
c2
00
00
c8
58
00
00
ff
60
00
8c
81
20
20
03
f9
20
60
00
00
20
40
03
49
df
20
03
e8
20
00
03
e8
20
40
03
dd
58
00
00
02
20
40
03
55
c0
81
00
ee
58
00
00
02
20
40
03
55
c0
81
00
ee
58
00
00
02
20
40
03
55
c0
81
00
ee
58
00
80
52
da
20
00
01
20
40
03
18
58
00
80
70
20
40
03
28
20
20
00
f0
c2
00
00
df
58
00
00
ff
60
00
8c
81
20
20
03
f9
20
60
00
00
58
00
80
44
60
01
0d
cc
58
00
80
46
60
01
0d
ce
58
00
80
47
60
01
0d
d0
58
00
83
27
60
01
0d
d2
20
60
00
00
20
40
00
f3
e8
c0
80
00
1f
e0
f2
01
e8
c1
00
00
e8
c9
00
00
60
09
0d
d6
20
40
01
04
20
20
03
f9
1f
e2
04
00
18
49
84
00
60
09
0d
d4
68
01
0d
ce
da
20
00
32
20
40
03
18
68
01
0d
d4
1f
e2
22
00
68
01
0d
cc
20
40
03
15
68
01
0d
d4
1f
e0
fe
08
60
01
0d
d4
68
01
0d
ce
da
20
00
33
20
40
03
18
68
01
0d
d2
20
40
03
28
1f
e2
22
00
68
01
0d
d6
20
40
03
18
68
01
0d
d6
1f
e0
fe
01
60
01
0d
d6
c2
00
01
07
68
01
0d
ce
da
20
00
32
20
40
03
18
68
01
0d
ce
da
20
00
30
20
40
03
18
20
60
00
00
20
40
00
f3
e8
c0
80
00
1f
e0
f2
01
e8
c1
00
00
60
01
0d
d4
d8
40
0c
85
60
09
0d
d6
20
40
01
2d
20
20
03
f9
68
01
0d
ce
da
20
00
80
20
40
03
18
20
40
01
52
68
09
0d
d6
e8
40
80
00
60
02
01
61
18
40
84
01
60
09
0d
d6
da
60
00
08
68
02
01
61
1f
e1
7c
01
24
42
81
5f
68
02
01
61
1f
e3
7e
00
60
02
01
61
68
09
0d
d4
18
40
84
40
60
09
0d
d4
1a
60
a7
ff
24
22
81
37
5f
ff
fe
01
68
09
0d
d4
98
40
84
00
60
09
0d
d4
c2
00
01
31
68
01
0d
ce
da
20
00
b4
20
40
03
18
68
01
0d
ce
da
20
00
80
20
40
03
18
68
01
0d
ce
da
20
00
30
20
40
03
18
20
40
01
5b
20
60
00
00
df
e0
80
4c
da
20
00
01
20
40
03
18
20
00
00
02
df
e0
80
05
da
20
00
40
20
40
03
18
20
00
03
20
20
60
00
00
df
e0
80
4c
da
20
00
00
20
40
03
18
20
20
01
55
68
01
0d
ce
da
20
00
b4
20
40
03
18
20
00
00
0a
68
01
0d
d4
1f
e2
22
00
68
01
0d
cc
20
40
03
15
68
01
0d
ce
da
20
00
b5
20
40
03
18
20
00
00
5a
20
60
00
00
e8
c0
80
00
1f
e0
f2
01
e8
c1
00
00
1f
e9
fe
00
60
01
0d
c0
98
00
22
00
68
01
0d
c6
20
40
03
15
68
01
0d
c2
da
20
00
00
20
20
03
18
58
00
80
47
20
40
03
c5
da
20
00
82
20
40
03
24
da
20
00
80
20
40
03
24
da
20
00
82
20
20
03
24
e8
c0
80
00
1f
e0
f2
01
e8
c1
00
00
1f
e9
a4
00
da
20
02
0c
20
40
01
8d
da
20
02
08
20
40
01
8d
da
20
02
00
20
40
01
8d
da
20
02
08
20
20
01
8d
da
20
02
0c
20
20
01
8d
58
0f
85
0a
20
20
03
1f
68
00
8d
c1
20
74
00
00
58
00
00
00
20
60
00
00
58
00
8a
a0
da
20
00
0c
20
40
03
18
58
00
8a
a1
da
20
00
fb
20
40
03
18
58
00
8a
a2
da
20
00
03
20
40
03
18
20
20
01
a6
58
00
8a
a0
da
20
00
04
20
40
03
18
58
00
8a
a1
da
20
00
33
20
40
03
18
58
00
8a
a2
da
20
00
01
20
40
03
18
58
00
8a
01
da
20
00
ff
20
40
03
18
58
00
8a
0b
20
40
03
28
1f
e1
a2
04
58
00
8a
0b
20
40
03
18
58
00
8a
13
da
20
00
11
20
40
03
18
20
00
03
e8
58
00
8a
02
20
40
03
28
1f
e1
a2
01
58
00
8a
02
20
40
03
18
58
00
8a
00
da
20
00
03
20
40
03
18
58
00
8a
a0
20
40
03
28
1f
e1
a2
d0
58
00
8a
a0
20
40
03
18
20
00
03
e8
58
00
8a
a0
20
40
03
28
1f
e1
a2
20
58
00
8a
a0
20
40
03
18
20
00
03
e8
20
60
00
00
58
00
80
47
da
20
00
83
20
40
03
18
58
00
8a
a0
da
20
00
04
20
40
03
18
58
00
8a
a1
da
20
00
43
20
40
03
18
58
00
8a
a2
da
20
00
01
20
40
03
18
58
00
8a
02
20
40
03
28
1f
e1
22
fe
58
00
8a
02
20
20
03
18
58
00
80
47
20
40
03
c5
da
20
00
83
20
40
03
24
da
20
00
82
20
40
03
24
da
20
00
80
20
40
03
24
da
20
00
82
20
20
03
24
20
40
01
93
68
01
0c
83
1f
e9
a2
00
58
00
80
45
20
40
03
15
58
00
80
e2
da
20
00
00
20
40
03
18
58
00
80
dc
da
20
00
00
20
40
03
18
20
40
01
d8
58
00
80
47
da
20
00
a2
20
40
03
18
68
00
8c
82
1f
e0
a2
01
58
00
80
e1
20
40
03
15
68
01
0c
85
1f
e2
22
00
58
00
80
df
20
40
03
15
58
00
80
dc
20
40
03
28
1f
e1
a2
30
58
00
80
dc
20
40
03
18
da
20
00
01
58
00
80
07
20
40
03
18
20
40
02
03
20
20
01
c7
58
00
81
2c
20
40
03
28
c3
00
82
03
20
20
03
f9
20
40
01
9d
68
00
8c
82
1f
e0
f2
01
68
01
0c
83
1f
e9
a2
00
1a
22
7e
00
60
01
0d
c0
58
00
80
45
20
40
03
15
20
40
01
d8
da
40
0c
85
ea
40
80
00
98
00
26
00
1a
40
a4
01
18
00
0e
00
d9
00
00
32
aa
6c
00
00
20
20
82
48
58
00
00
00
1f
e1
a2
c0
58
00
80
dc
20
40
03
18
58
00
80
47
20
40
03
c5
da
20
00
02
20
40
03
24
da
20
00
82
20
40
03
24
58
00
00
00
1f
e1
a2
40
58
00
80
dc
20
40
03
18
58
00
80
47
20
40
03
c5
da
20
00
8a
20
40
03
24
da
20
00
ca
20
40
03
24
da
20
00
4a
20
40
03
24
da
20
00
ca
20
40
03
24
da
20
00
8a
20
40
03
24
da
20
00
82
20
40
03
24
da
20
00
92
20
40
03
24
da
20
00
b2
20
40
03
24
58
00
80
07
20
40
03
28
98
00
60
00
58
00
80
47
20
40
03
c5
da
20
00
92
20
40
03
24
da
20
00
82
20
40
03
24
ae
0f
ff
ff
20
20
82
48
19
00
91
ff
24
22
82
17
70
0c
81
01
20
20
02
53
68
01
0d
c0
1f
e0
fe
01
60
01
0d
c0
98
00
22
00
58
00
80
45
20
40
03
15
18
e0
8e
01
28
e0
1e
08
24
20
82
17
c2
00
02
12
70
0c
81
00
20
40
03
f9
20
20
01
c7
20
40
02
9f
20
40
01
6c
20
40
01
77
da
40
0c
85
ea
40
80
00
98
00
26
00
1a
40
a4
01
18
00
0e
00
d9
00
00
32
aa
6c
00
00
20
20
82
90
20
40
01
8f
79
20
7e
07
1f
e1
a2
40
58
00
80
46
20
40
03
18
58
00
80
47
20
40
03
c5
da
20
00
02
20
40
03
24
da
20
00
82
20
40
03
24
20
40
01
8f
1f
e1
a2
40
58
00
80
46
20
40
03
18
58
00
80
47
20
40
03
c5
da
20
00
8a
20
40
03
24
da
20
00
ca
20
40
03
24
da
20
00
4a
20
40
03
24
da
20
00
ca
20
40
03
24
da
20
00
8a
20
40
03
24
da
20
00
82
20
40
03
24
da
20
00
92
20
40
03
24
da
20
00
b2
20
40
03
24
58
00
80
07
20
40
03
28
98
00
60
00
58
00
80
47
20
40
03
c5
da
20
00
92
20
40
03
24
da
20
00
82
20
40
03
24
ae
0f
ff
ff
20
20
82
90
19
00
91
ff
24
22
82
5e
70
0c
81
01
20
20
02
9b
68
01
0d
c0
1f
e0
fe
01
60
01
0d
c0
98
00
22
00
68
01
0d
c6
20
40
03
15
18
e0
8e
01
28
e0
1e
08
24
20
82
5e
c2
00
02
59
70
0c
81
00
58
00
80
47
da
20
00
83
20
40
03
18
20
20
03
f9
58
00
80
06
60
01
0d
c8
58
00
80
45
60
01
0d
c6
58
00
81
2c
60
01
0d
ca
58
00
80
4b
60
01
0d
c2
78
34
7c
00
20
60
00
00
58
00
80
0a
60
01
0d
c8
58
00
80
44
60
01
0d
c6
58
00
83
30
60
01
0d
ca
58
00
80
46
60
01
0d
c2
78
54
7c
00
20
60
00
00
20
40
02
9f
20
40
01
6c
68
01
0c
85
98
00
22
00
58
00
80
48
20
40
03
15
20
40
01
77
da
20
00
a2
20
40
03
24
58
00
88
00
20
34
02
c2
58
00
80
46
da
20
00
11
20
40
03
18
58
00
00
00
9f
21
a2
00
58
00
80
4a
20
40
03
15
68
01
0d
c8
da
20
00
01
20
40
03
18
68
01
0d
ca
20
40
03
28
c3
00
82
c8
20
20
02
9b
20
40
02
a9
20
20
02
b4
20
40
02
a9
20
20
02
56
1a
42
22
00
58
0f
85
08
20
20
03
1f
20
40
01
7f
da
20
02
88
20
40
01
8d
da
60
0c
81
20
40
02
d0
58
0f
85
0c
20
40
03
22
e2
60
80
00
1a
40
a4
08
1a
60
a6
01
c2
00
02
d7
20
40
01
8b
20
20
03
f9
20
40
01
7f
da
60
0c
85
ea
60
80
00
98
00
16
00
1a
60
a6
01
18
00
0e
00
d9
00
00
32
a9
6c
00
00
20
20
83
0e
20
40
02
d0
da
20
02
0b
20
40
01
8d
da
20
00
0b
20
40
01
8d
da
20
02
0b
20
40
01
8d
da
20
02
09
20
40
01
8d
da
20
02
29
20
40
01
8d
da
20
03
29
20
40
01
8d
da
20
01
28
20
40
01
8d
da
20
03
29
20
40
01
8d
da
20
02
29
20
40
01
8d
da
20
02
09
20
40
01
8d
da
20
02
49
20
40
01
8d
da
20
02
c9
20
40
01
8d
58
0f
85
0c
20
40
03
22
af
ef
ff
ff
da
20
02
49
20
40
01
8d
da
20
02
09
20
40
01
8d
20
20
83
0e
19
00
91
ff
24
22
82
e7
70
0c
81
01
20
20
02
de
1a
40
a4
01
18
e0
8e
01
28
e0
1e
08
24
20
82
e7
c2
00
02
e2
70
0c
81
00
20
20
02
de
20
40
03
18
1a
2c
a2
00
20
20
03
19
20
40
03
c5
58
00
00
04
e1
40
80
00
1a
22
7e
00
20
20
03
d1
20
40
03
be
20
20
03
19
20
40
03
1d
1a
2c
a2
00
20
20
03
19
20
40
03
be
20
20
03
29
58
00
00
05
e1
40
80
00
1a
22
7e
00
20
20
03
d1
20
40
03
c5
58
00
00
06
20
40
03
d1
20
40
03
d7
20
7a
00
00
20
20
03
dd
e8
c0
80
00
98
00
72
00
da
20
0c
81
e8
c1
00
00
98
00
26
00
1a
60
fe
01
20
40
03
c5
58
00
00
06
20
40
03
55
e2
20
80
00
18
a2
22
00
1a
62
7e
00
20
40
03
c5
58
00
00
09
20
40
03
d1
20
40
03
e4
e2
21
00
00
18
a2
22
00
c2
00
03
39
20
20
03
f9
20
40
03
49
20
00
03
e8
20
40
03
dd
58
00
00
02
20
40
03
55
60
00
8c
81
20
20
03
f9
e8
c0
80
00
d8
40
00
30
20
3a
03
51
d8
40
00
00
c0
00
83
51
d8
40
00
10
c0
01
03
51
d8
40
00
20
60
18
80
74
e8
c1
00
00
60
11
00
52
20
60
00
00
20
40
03
d1
20
40
03
d7
20
7a
00
00
20
20
03
dd
78
34
7c
00
20
20
03
7c
78
34
7c
00
20
20
03
80
78
34
7c
00
78
56
7c
00
20
20
03
85
78
54
7c
00
78
36
7c
00
20
20
03
85
78
54
7c
00
20
40
03
71
20
40
03
88
20
20
03
f9
78
54
7c
00
20
40
03
bb
e8
c1
80
00
d8
40
00
23
20
40
03
bf
20
40
03
88
20
20
03
f9
20
40
03
71
da
20
0c
86
20
20
03
a5
20
40
03
bb
e8
c1
80
00
20
20
03
be
78
34
7c
00
78
56
7c
00
20
20
03
a3
78
54
7c
00
78
36
7c
00
20
20
03
a3
78
54
7c
00
78
56
7c
00
20
40
03
bb
da
20
0c
83
20
20
03
a5
78
54
7c
00
20
40
03
bb
20
40
03
88
20
20
03
f9
78
54
7c
00
78
56
7c
00
20
40
03
87
20
20
03
f9
20
40
03
c7
da
20
0c
81
20
40
03
b2
20
34
03
8d
1f
e1
fe
01
20
20
03
8e
1f
e1
fe
06
20
40
03
d1
78
48
7c
00
db
60
00
05
20
61
80
00
68
11
01
12
9f
26
7c
00
24
22
83
91
68
11
00
58
98
00
06
00
1a
22
0a
00
e8
60
80
00
e0
a0
80
00
c2
00
03
98
18
a2
22
00
68
11
01
16
60
11
00
58
1a
46
24
00
24
22
83
89
20
60
00
00
78
54
7c
00
78
56
7c
00
20
40
03
c7
da
20
0c
85
20
40
03
b2
1f
e1
fe
04
79
34
7e
00
e1
40
80
00
1a
22
0c
00
e8
c0
80
00
e1
40
80
00
c2
00
03
aa
18
c2
22
00
20
40
03
d2
1a
46
24
00
24
22
83
a5
20
60
00
00
1a
42
7e
00
1f
e6
7c
20
20
21
03
b6
58
00
00
20
9a
46
24
00
98
00
72
00
1f
20
ff
ff
1f
e9
fe
00
20
60
00
00
e8
c0
80
00
98
00
24
00
20
60
00
00
d8
40
00
3b
e1
48
80
00
1f
f1
04
00
e1
48
80
00
1f
f0
fe
00
e1
41
00
00
20
20
03
d2
78
56
7c
00
20
20
03
c9
20
40
03
bb
e8
c1
00
00
d8
40
00
13
20
36
03
cc
d8
40
00
0b
e1
48
80
00
1f
ec
84
00
e1
48
80
00
d8
40
00
03
e1
48
80
00
e1
40
80
00
19
42
7e
00
60
11
00
5e
68
11
01
0e
24
3a
03
d4
20
60
00
00
68
19
00
52
18
40
85
ff
20
62
80
00
68
10
81
12
20
3a
03
d8
20
60
00
00
68
10
81
12
20
7a
00
00
68
11
00
58
ef
e0
80
00
68
19
01
16
60
19
00
58
20
60
00
00
68
10
81
12
c0
81
03
e4
68
11
00
58
ef
e1
00
00
68
19
01
16
60
19
00
58
20
60
00
00
70
43
d2
01
20
60
00
00
70
43
d2
00
20
60
00
00
d8
c0
0d
02
20
20
03
f6
68
00
8c
82
1f
f2
7e
00
d8
c0
0d
33
98
c0
8c
00
20
20
03
f6
df
20
00
3f
d8
a0
0c
81
20
40
7e
45
70
0c
80
f2
d8
c0
0c
80
df
20
00
40
20
20
7d
d0
d8
e0
00
0f
e8
c1
00
00
20
40
7e
4c
e8
c3
00
00
60
03
44
e7
79
20
00
27
70
00
05
00
20
60
00
00
70
40
40
00
58
00
00
00
60
03
44
e7
20
20
03
eb
60
00
c4
47
70
0b
7d
52
20
40
56
20
68
00
8c
82
60
00
8d
b3
98
00
72
00
d8
a0
44
48
20
20
7e
45
68
01
0c
82
68
08
8c
84
da
20
0c
85
20
40
68
70
20
00
4e
20
20
60
00
00
70
80
10
01
d8
c0
0d
02
70
0c
81
11
20
20
03
f9
0a
40
aa
55
00
00
aa
55
13
00
12
09
12
12
01
10
01
00
00
00
40
37
19
31
12
02
02
01
02
00
01
aa
55
2a
00
b6
0a
29
09
02
29
00
01
01
00
80
20
09
04
00
00
02
03
00
00
00
09
21
01
01
00
01
22
1b
00
07
05
81
03
40
00
01
07
05
01
03
40
00
01
aa
55
1c
00
26
09
1b
06
00
ff
09
01
a1
01
85
f2
95
3f
75
08
26
ff
00
15
00
09
01
81
02
09
01
91
02
c0
aa
55
19
00
1a
0b
04
04
03
09
04
13
59
69
63
68
69
70
20
54
65
63
68
6e
6f
6c
6f
67
69
65
73
aa
55
10
00
3d
0b
0f
59
43
31
30
32
31
20
64
65
62
75
67
67
65
72
aa
55
0b
00
5b
0b
0a
62
31
32
30
33
30
30
30
30
31
aa
55
01
00
f6
08
00
aa
55
02
00
f2
08
00
00
aa
55
04
00
fb
08
00
02
00
05
aa
55
01
00
00
40
02
aa
55
01
00
12
40
04
aa
55
03
00
2b
40
20
20
80
aa
55
01
00
3a
40
40
aa
55
02
00
5d
41
02
24
aa
55
01
00
d3
43
28
aa
55
01
00
d5
43
0c
aa
55
01
00
d2
43
00
aa
55
06
00
f9
44
77
11
00
33
05
87
aa
55
01
00
d0
43
18
aa
55
02
00
f4
44
c0
01
aa
55
09
00
41
4b
68
e4
69
00
6a
00
6b
30
ff
aa
55
02
00
63
41
41
4b
31
7d
